feature_size: 7
feature_code_size: 28
3 1 4 1 0 4 0 1 0 3 0 0 1 0 3 0 0 0 1 0 2 0 0 0 0 0 1 3 
feature_score: 4.57756
pgids_size: 97
46 47 50 56 57 58 60 62 66 67 78 84 110 118 119 120 121 144 145 153 154 155 156 162 164 176 177 178 179 180 181 182 183 190 191 192 193 194 203 204 205 226 230 231 234 235 236 238 239 240 241 242 243 244 245 246 254 255 256 257 258 259 260 261 262 263 264 265 266 267 268 269 273 274 275 276 278 280 281 282 288 289 309 310 331 332 333 334 335 340 341 342 343 346 347 348 349 
ngids_size: 26
700 704 705 706 707 716 727 728 729 730 731 732 748 749 750 751 752 753 762 763 764 765 766 767 768 771 
feature_size: 9
feature_code_size: 45
3 1 4 1 0 4 0 1 0 3 0 1 0 0 3 0 0 1 0 0 3 0 0 0 1 0 0 3 0 0 0 0 0 1 0 3 0 0 0 0 0 0 1 0 3 
feature_score: 4.50266
pgids_size: 90
46 56 57 58 62 66 84 110 118 119 120 122 131 144 145 147 153 154 155 156 162 164 176 177 178 179 180 181 182 190 191 192 193 204 205 226 230 231 234 235 236 238 239 240 241 242 243 244 245 246 254 255 256 257 258 259 260 261 262 263 264 265 266 267 268 269 273 274 275 276 278 280 281 282 288 289 292 305 309 310 331 333 334 335 340 343 346 347 348 349 
ngids_size: 21
700 704 706 707 716 727 728 729 730 731 732 751 752 753 762 763 764 765 767 768 771 
feature_size: 6
feature_code_size: 21
3 1 4 1 0 4 0 1 0 3 0 0 1 0 3 0 0 0 2 1 3 
feature_score: 4.26553
pgids_size: 71
46 47 56 57 58 62 66 67 80 84 110 144 145 162 164 203 204 205 226 230 231 234 238 239 240 241 242 243 244 245 246 254 255 256 257 258 259 260 261 262 263 264 265 266 267 268 269 273 274 275 276 278 280 281 282 288 289 309 310 331 333 334 335 340 341 342 343 346 347 348 349 
ngids_size: 24
700 704 706 707 716 727 728 729 730 731 732 748 749 750 751 752 753 762 763 764 765 767 768 771 
feature_size: 8
feature_code_size: 36
3 1 4 1 0 4 0 1 0 3 0 1 0 0 3 0 0 0 1 0 3 0 0 0 0 2 0 3 0 0 0 0 0 1 0 3 
feature_score: 4.25135
pgids_size: 70
46 56 57 58 62 66 84 101 110 115 122 131 144 145 162 164 204 205 226 230 231 234 238 239 240 241 242 243 244 245 246 254 255 256 257 258 259 260 261 262 263 264 265 266 267 268 269 273 274 275 276 278 280 281 282 288 289 292 309 310 331 333 334 335 340 343 346 347 348 349 
ngids_size: 15
700 706 731 732 751 752 762 763 764 765 767 768 769 770 771 
feature_size: 7
feature_code_size: 28
3 1 4 0 0 4 0 1 0 3 0 0 1 0 3 0 0 0 2 1 3 0 0 0 0 0 1 3 
feature_score: 4.12999
pgids_size: 62
46 47 49 56 101 103 115 144 145 162 203 204 205 226 230 231 234 238 239 240 241 242 243 244 245 246 254 255 256 257 258 259 260 261 262 263 264 265 266 267 268 269 273 274 275 276 278 280 281 282 288 289 309 310 331 333 334 340 341 342 343 346 
ngids_size: 23
700 704 706 707 716 727 728 729 730 731 748 749 750 751 752 753 762 763 764 765 767 768 771 
feature_size: 6
feature_code_size: 21
4 2 4 1 0 3 0 0 1 3 0 0 0 1 2 0 0 0 0 1 3 
feature_score: 4.0972
pgids_size: 60
15 56 88 90 118 119 120 125 144 145 153 154 155 156 162 181 182 190 191 204 226 230 231 234 235 236 238 239 240 241 242 243 244 245 246 255 257 258 259 260 261 262 263 268 269 273 274 275 276 280 281 282 288 289 309 310 333 334 340 343 
ngids_size: 8
700 706 731 763 764 765 767 768 
feature_size: 9
feature_code_size: 45
3 1 4 0 1 3 0 1 0 3 0 0 0 0 3 0 0 1 0 0 3 0 0 0 2 1 0 3 0 0 0 0 2 0 0 2 0 0 0 0 0 1 0 0 3 
feature_score: 4.0282
pgids_size: 56
46 53 56 144 145 162 204 205 226 230 231 234 238 239 240 241 242 243 244 245 246 254 255 256 257 258 259 260 261 262 263 264 265 266 267 268 269 273 274 275 276 278 280 281 282 288 289 309 310 331 333 334 340 343 346 348 
ngids_size: 12
700 706 731 751 752 762 763 764 765 767 768 771 
feature_size: 8
feature_code_size: 36
3 1 4 1 0 4 0 1 0 3 0 1 0 0 3 0 0 1 0 0 3 0 0 0 1 0 0 3 0 0 0 0 0 0 1 3 
feature_score: 3.87405
pgids_size: 96
46 54 56 57 58 62 66 84 101 110 115 118 119 120 121 122 131 144 145 147 153 154 155 156 162 164 176 177 178 179 180 181 182 183 190 191 192 193 194 204 205 226 230 231 234 235 236 238 239 240 241 242 243 244 245 246 254 255 256 257 258 259 260 261 262 263 264 265 266 267 268 269 273 274 275 276 278 280 281 282 288 289 292 305 309 310 331 333 334 335 340 343 346 347 348 349 
ngids_size: 24
430 700 704 706 707 716 727 728 729 730 731 732 751 752 753 762 763 764 765 767 768 769 770 771 
feature_size: 6
feature_code_size: 21
3 2 3 0 1 4 0 0 1 3 0 0 0 1 4 0 0 0 2 0 2 
feature_score: 3.84231
pgids_size: 93
10 12 14 16 21 22 23 46 47 56 57 58 60 62 66 67 78 80 84 110 144 145 160 162 164 175 203 204 205 214 215 226 230 231 233 234 238 239 240 241 242 243 244 245 246 252 254 255 256 257 258 259 260 261 262 263 264 265 266 267 268 269 272 273 274 275 276 278 280 281 282 288 289 291 301 306 307 308 309 310 331 332 333 334 335 340 341 342 343 346 347 348 349 
ngids_size: 27
664 700 704 705 706 707 716 727 728 729 730 731 732 748 749 750 751 752 753 762 763 764 765 766 767 768 771 
feature_size: 6
feature_code_size: 21
3 1 3 1 0 1 0 1 0 3 0 0 1 0 2 0 0 0 2 0 3 
feature_score: 3.83149
pgids_size: 46
0 2 4 8 17 28 68 88 92 93 94 98 99 100 104 105 106 107 108 109 123 124 125 157 158 175 185 195 196 197 198 214 215 217 218 227 272 284 291 298 299 300 301 306 316 317 
ngids_size: 4
783 795 801 802 
feature_size: 7
feature_code_size: 28
3 1 4 1 0 3 0 1 0 3 0 0 2 0 3 0 0 0 2 0 2 0 0 0 0 1 0 4 
feature_score: 3.83149
pgids_size: 92
33 35 36 37 39 43 46 47 49 56 57 58 62 66 67 80 84 110 144 145 162 164 175 203 204 205 214 215 216 226 230 231 233 234 238 239 240 241 242 243 244 245 246 252 254 255 256 257 258 259 260 261 262 263 264 265 266 267 268 269 272 273 274 275 276 278 280 281 282 288 289 298 299 300 301 306 307 308 309 310 331 333 334 335 340 341 342 343 346 347 348 349 
ngids_size: 25
553 700 704 706 707 716 727 728 729 730 731 732 748 749 750 751 752 753 762 763 764 765 767 768 771 
feature_size: 10
feature_code_size: 55
3 1 4 2 0 1 0 1 0 3 0 0 0 2 3 0 0 0 0 1 3 0 0 0 0 0 2 3 0 0 0 0 0 0 1 5 0 0 0 0 0 0 1 0 3 0 0 0 1 0 0 0 0 0 3 
feature_score: 3.71643
pgids_size: 41
85 115 117 122 128 129 130 134 135 136 142 143 148 149 150 151 152 165 166 167 168 169 170 171 172 173 186 187 188 189 199 200 201 202 208 209 302 303 320 321 326 
ngids_size: 0

feature_size: 5
feature_code_size: 15
4 2 4 0 1 3 0 0 1 3 0 0 0 1 3 
feature_score: 3.58637
pgids_size: 72
23 33 36 37 39 56 68 100 104 105 107 118 119 120 126 133 144 145 153 154 155 156 162 180 181 182 183 190 191 204 226 230 231 234 235 236 238 239 240 241 242 243 244 245 246 255 257 258 259 260 261 262 263 264 268 269 273 274 275 276 280 281 282 288 289 290 309 310 333 334 340 343 
ngids_size: 9
597 700 706 731 763 764 765 767 768 
feature_size: 3
feature_code_size: 6
3 1 3 0 2 1 
feature_score: 3.58637
pgids_size: 36
117 128 129 130 134 135 136 142 143 148 149 150 151 152 167 168 169 171 172 186 187 188 189 199 200 201 202 207 209 210 211 302 303 320 321 326 
ngids_size: 0

feature_size: 7
feature_code_size: 28
3 1 3 0 0 3 0 2 1 3 0 1 0 0 3 0 0 1 0 0 4 0 0 0 0 0 2 4 
feature_score: 3.49936
pgids_size: 33
0 2 8 9 10 11 12 14 15 16 18 21 22 23 29 33 34 36 38 39 40 42 68 90 92 93 94 106 108 109 125 159 315 
ngids_size: 1
799 
feature_size: 9
feature_code_size: 45
3 1 3 1 0 3 0 0 0 3 0 2 0 1 3 0 0 2 0 0 3 0 0 0 1 0 0 4 0 0 0 0 1 0 0 2 0 0 0 0 0 0 2 0 4 
feature_score: 3.40405
pgids_size: 30
8 10 11 12 14 15 16 18 21 22 23 34 40 68 88 90 94 106 108 123 124 125 195 196 197 217 218 227 251 253 
ngids_size: 0

feature_size: 2
feature_code_size: 3
3 1 7 
feature_score: 3.40405
pgids_size: 30
46 57 58 75 76 78 84 110 131 135 142 176 177 178 179 180 192 193 205 254 255 256 264 265 266 267 281 327 338 347 
ngids_size: 5
703 744 745 751 752 
feature_size: 8
feature_code_size: 36
3 1 4 0 1 3 0 0 1 3 2 0 0 0 2 0 0 0 0 0 4 0 0 0 1 0 1 3 0 0 0 0 0 0 1 3 
feature_score: 3.38724
pgids_size: 59
45 56 118 119 120 144 145 153 154 155 156 162 181 182 190 191 204 226 230 231 234 235 236 238 239 240 241 242 243 244 245 246 255 257 258 259 260 261 262 263 268 269 273 274 275 276 278 280 281 282 288 289 305 309 310 333 334 340 343 
ngids_size: 10
526 700 706 731 763 764 765 767 768 771 
feature_size: 9
feature_code_size: 45
4 2 4 0 1 3 0 0 1 3 0 0 0 2 3 0 0 0 0 1 3 0 0 0 0 1 0 1 0 0 0 0 0 1 0 3 0 0 0 0 0 0 1 0 2 
feature_score: 3.37015
pgids_size: 29
0 2 8 17 98 99 104 105 106 107 108 109 123 124 125 132 133 157 158 185 195 196 197 198 217 218 227 315 322 
ngids_size: 1
795 
feature_size: 7
feature_code_size: 28
2 0 3 1 2 3 0 1 0 3 0 0 0 1 4 0 0 0 0 1 3 0 0 0 0 0 2 3 
feature_score: 3.33506
pgids_size: 28
61 72 117 128 129 130 134 135 136 143 149 151 152 167 168 172 187 189 201 207 209 210 211 284 291 316 317 320 
ngids_size: 0

feature_size: 8
feature_code_size: 36
3 1 4 0 1 3 0 0 1 3 0 0 2 0 2 2 0 0 0 0 2 0 0 0 0 0 0 4 0 0 0 1 0 0 1 3 
feature_score: 3.22173
pgids_size: 25
45 118 119 120 121 153 154 155 156 176 177 178 179 180 181 182 183 190 191 192 193 194 228 235 236 
ngids_size: 0

feature_size: 8
feature_code_size: 36
3 2 3 1 0 3 0 1 0 2 0 0 2 0 3 0 0 0 0 1 3 0 0 0 0 1 0 1 0 0 0 0 0 0 2 2 
feature_score: 3.18091
pgids_size: 24
2 8 17 68 94 106 108 123 124 157 195 196 197 198 217 218 225 227 251 253 284 291 315 322 
ngids_size: 1
795 
feature_size: 7
feature_code_size: 28
3 2 3 0 1 3 0 0 1 4 0 0 0 0 3 0 1 0 0 1 4 0 0 0 0 0 1 3 
feature_score: 3.0939
pgids_size: 22
74 75 76 101 115 175 199 214 215 216 233 252 272 292 298 299 301 306 307 308 327 338 
ngids_size: 3
712 769 770 
feature_size: 9
feature_code_size: 45
3 0 3 2 1 3 0 0 1 3 0 0 0 1 4 0 0 0 0 1 3 0 0 0 0 0 2 3 0 0 0 0 0 1 0 3 0 0 0 0 0 0 0 2 3 
feature_score: 3.06312
pgids_size: 64
11 15 18 24 25 32 33 34 35 36 37 38 39 40 41 43 72 74 75 76 97 117 129 130 134 135 136 137 138 139 142 143 148 149 150 151 152 167 168 171 172 187 189 200 201 207 209 210 211 220 251 277 284 291 302 303 316 317 320 321 326 327 336 338 
ngids_size: 9
514 568 708 714 720 721 722 755 756 
feature_size: 12
feature_code_size: 78
1 2 2 1 0 2 1 0 0 3 0 0 0 2 3 0 0 0 1 0 3 0 0 0 0 1 0 3 0 0 0 0 1 0 0 3 0 0 0 0 0 0 0 0 3 0 0 0 0 0 0 2 0 1 3 0 0 0 0 0 0 0 0 1 0 4 0 0 0 0 0 0 0 0 0 0 2 4 
feature_score: 2.99859
pgids_size: 40
0 1 2 4 6 7 8 9 13 28 91 92 93 94 98 99 100 104 105 106 107 108 109 123 124 125 126 132 133 157 159 185 195 196 197 217 218 227 251 253 
ngids_size: 1
620 
feature_size: 7
feature_code_size: 28
3 1 4 0 1 3 0 0 1 3 0 0 0 1 1 0 0 0 0 1 3 0 0 0 0 0 1 3 
feature_score: 2.99859
pgids_size: 20
19 20 26 61 67 74 75 76 128 283 294 295 296 297 311 312 313 314 327 338 
ngids_size: 1
766 
feature_size: 11
feature_code_size: 66
3 1 3 0 1 3 0 1 0 2 0 0 0 1 3 0 0 0 0 1 3 1 0 0 0 0 0 2 0 0 0 0 0 0 1 3 0 0 0 0 0 0 0 1 3 0 0 0 0 0 0 0 0 1 3 0 0 0 0 0 0 0 0 0 1 3 
feature_score: 2.99859
pgids_size: 40
79 111 112 113 114 127 144 145 146 162 226 230 231 238 239 240 241 242 243 244 246 254 255 256 257 258 264 265 266 267 268 269 280 281 282 288 289 293 344 345 
ngids_size: 14
452 734 735 736 737 738 739 740 741 742 746 747 780 843 
feature_size: 7
feature_code_size: 28
2 1 3 0 1 3 0 0 1 2 0 0 1 0 3 0 0 0 0 1 4 0 0 0 0 1 0 3 
feature_score: 2.98178
pgids_size: 59
55 56 73 118 119 120 144 145 153 154 155 156 162 181 182 190 191 204 226 230 231 234 235 236 238 239 240 241 242 243 244 245 246 255 257 258 259 260 261 262 263 268 269 273 274 275 276 278 280 281 282 288 289 309 310 333 334 340 343 
ngids_size: 12
498 580 700 706 731 763 764 765 767 768 771 783 
feature_size: 6
feature_code_size: 21
3 1 2 1 0 3 0 1 0 3 0 0 1 1 3 0 0 0 1 0 3 
feature_score: 2.94729
pgids_size: 95
46 56 57 58 59 60 62 64 66 77 78 84 110 118 119 120 127 144 145 146 153 154 155 156 162 164 176 177 178 179 180 181 182 190 191 192 193 204 205 206 226 230 231 234 235 236 238 239 240 241 242 243 244 245 246 254 255 256 257 258 259 260 261 262 263 264 265 266 267 268 269 273 274 275 276 278 280 281 282 288 289 293 309 310 331 332 333 334 335 340 343 346 347 348 349 
ngids_size: 33
498 607 662 670 700 702 705 706 731 732 734 735 736 737 738 739 740 741 742 746 747 751 752 762 763 764 765 766 767 768 771 776 780 
feature_size: 8
feature_code_size: 36
4 1 3 0 1 3 0 0 0 3 0 0 2 0 3 0 0 0 2 1 3 0 0 0 0 1 0 3 0 0 0 0 0 0 1 2 
feature_score: 2.94729
pgids_size: 19
9 30 31 42 72 117 128 129 130 134 135 136 159 165 167 172 189 277 315 
ngids_size: 1
799 
feature_size: 8
feature_code_size: 36
3 1 3 1 0 3 0 0 0 3 0 2 0 1 3 0 1 0 0 0 3 0 0 2 0 0 0 3 0 0 0 1 0 0 0 4 
feature_score: 2.92062
pgids_size: 37
0 2 8 10 11 12 14 15 16 18 21 22 23 34 40 49 51 68 90 92 93 94 106 107 108 109 125 213 214 233 250 298 299 300 301 307 315 
ngids_size: 2
614 799 
feature_size: 9
feature_code_size: 45
3 2 3 0 1 3 0 0 1 2 0 0 0 0 3 1 0 0 0 2 3 0 0 0 0 0 1 3 0 1 0 0 0 0 0 3 0 0 0 0 0 0 0 1 2 
feature_score: 2.89322
pgids_size: 18
114 140 141 163 212 221 222 223 224 237 247 248 271 285 287 319 324 329 
ngids_size: 21
711 715 719 723 734 735 736 737 738 739 740 741 742 743 746 747 754 758 759 760 761 
feature_size: 8
feature_code_size: 36
1 1 3 0 2 3 0 0 1 3 0 0 0 2 3 0 0 0 0 1 3 0 0 0 0 0 2 4 2 0 0 0 0 0 0 2 
feature_score: 2.83607
pgids_size: 17
96 123 124 195 196 197 198 217 218 225 227 251 253 284 291 315 322 
ngids_size: 0

feature_size: 9
feature_code_size: 45
3 0 3 0 1 3 0 0 2 3 2 0 0 1 3 0 0 0 0 0 3 0 0 0 0 1 1 3 0 0 0 0 0 0 0 2 0 0 0 1 0 0 0 1 3 
feature_score: 2.83607
pgids_size: 17
77 111 112 113 114 212 247 248 250 271 279 285 287 304 319 324 329 
ngids_size: 3
737 747 841 
feature_size: 6
feature_code_size: 21
4 1 3 0 1 3 0 0 1 1 0 0 0 1 3 0 0 0 0 2 3 
feature_score: 2.77544
pgids_size: 16
19 26 95 169 186 188 202 283 294 295 296 297 311 312 313 314 
ngids_size: 0

feature_size: 8
feature_code_size: 36
3 1 4 0 1 3 0 1 0 3 0 0 1 0 3 0 0 0 2 0 3 0 0 0 0 0 0 3 0 0 0 0 1 0 1 3 
feature_score: 2.67008
pgids_size: 72
46 56 57 58 59 62 66 84 110 144 145 162 164 204 205 226 228 230 231 234 238 239 240 241 242 243 244 245 246 249 254 255 256 257 258 259 260 261 262 263 264 265 266 267 268 269 273 274 275 276 278 280 281 282 288 289 309 310 323 325 331 333 334 335 337 339 340 343 346 347 348 349 
ngids_size: 21
498 526 527 607 700 702 705 706 710 731 732 751 752 762 763 764 765 767 768 770 771 
feature_size: 6
feature_code_size: 21
3 1 3 0 1 2 0 0 1 6 0 0 0 2 2 0 0 0 1 0 2 
feature_score: 2.5678
pgids_size: 26
62 66 161 204 259 260 261 262 263 273 274 275 276 331 332 333 334 335 340 341 342 343 346 347 348 349 
ngids_size: 18
355 700 705 706 731 732 748 749 750 751 752 762 763 764 765 766 767 768 
feature_size: 5
feature_code_size: 15
3 2 3 1 0 3 0 0 2 2 0 1 0 0 5 
feature_score: 2.48776
pgids_size: 12
61 63 85 142 148 149 150 152 199 200 202 336 
ngids_size: 1
714 
feature_size: 7
feature_code_size: 28
3 1 3 1 0 4 0 2 0 3 0 1 0 0 3 0 0 1 0 0 3 0 0 0 1 0 0 1 
feature_score: 2.40075
pgids_size: 11
44 174 200 203 220 251 302 303 321 326 330 
ngids_size: 6
708 720 721 755 756 757 
feature_size: 10
feature_code_size: 55
3 1 3 1 0 3 0 0 0 3 0 2 0 1 3 0 0 0 0 0 3 0 0 2 0 0 0 3 0 0 0 0 1 0 0 4 0 0 0 0 0 1 0 0 2 0 0 0 0 0 2 1 0 0 3 
feature_score: 2.40075
pgids_size: 11
4 10 12 14 16 21 22 23 28 160 184 
ngids_size: 1
799 
feature_size: 9
feature_code_size: 45
3 2 3 0 1 3 0 1 0 3 0 0 2 0 3 0 0 1 0 0 3 0 0 0 2 0 0 3 0 0 0 0 0 2 0 3 0 0 0 0 0 0 0 1 4 
feature_score: 2.25414
pgids_size: 19
4 10 11 12 14 15 16 18 21 22 23 28 34 40 41 65 107 184 216 
ngids_size: 2
693 799 
feature_size: 5
feature_code_size: 15
3 1 4 2 0 3 0 0 1 1 0 0 0 2 2 
feature_score: 2.16234
pgids_size: 26
4 10 11 12 14 15 16 18 21 22 23 28 34 40 68 71 82 86 88 94 95 105 107 108 313 314 
ngids_size: 5
545 637 709 796 799 
feature_size: 9
feature_code_size: 45
3 2 3 0 1 3 0 0 0 3 1 0 0 2 3 1 0 0 0 0 3 0 0 0 0 0 1 2 0 0 0 0 0 0 1 3 0 1 0 0 0 0 0 0 2 
feature_score: 2.01776
pgids_size: 15
89 140 212 213 229 247 248 250 271 279 293 304 319 324 329 
ngids_size: 14
592 734 735 736 737 738 739 740 741 742 746 747 754 758 
feature_size: 2
feature_code_size: 3
3 1 16 
feature_score: 1.38915
pgids_size: 4
137 138 139 270 
ngids_size: 3
707 727 771 
