16010
13041
2958
39 2238
48 2238
2238
1393
39 1327
48 1327
1327
39 1146
1146
39 475
39 48 475
48 475
475
1004
956
783
740
548
604
39 533
533
39 48 310
48 310
39 310
310
39 60
60
201
48 438
39 438
438
78
39 48 41
48 41
39 48 38 41
48 38 41
39 38 41
38 41
39 48 32 41
48 32 41
39 32 41
32 41
39 41
41
301
677
45
38 37
37
264
185
14098
589
39 48 36
48 36
39 36
39 48 38 36
48 38 36
39 38 36
38 36
36
39 147
48 147
147
19
9
123
824
39 271
48 271
271
15832
39 38 32
39 48 38 32
48 38 32
38 32
39 48 32
48 32
39 32
32
592
39
39 65
41 65
39 48 65
48 65
65
39 12925
12925
522
39 48
48
39 270
48 270
270
3270
39 48 110
48 110
39 110
39 48 38 110
48 38 110
39 38 110
38 110
110
31
258
179
405
39 48 89
48 89
39 89
89
48 79
39 79
79
39 237
39 48 237
48 237
237
16217
338
39 48 101
48 101
39 101
101
175
39 170
39 48 170
48 170
39 38 170
39 48 38 170
48 38 170
38 170
170
249
49
38 286
286
39 48 38
48 38
39 38
38
117
161
479
242
48 413
39 413
413
48 255
39 255
255
39 225
39 48 225
48 225
225
