16010 
13041 
2958 
2238 
39 2238 
48 2238 
1393 
1327 
39 1327 
48 1327 
1146 
39 1146 
475 
48 475 
39 48 475 
39 475 
1004 
956 
783 
740 
548 
604 
533 
39 533 
310 
39 310 
48 310 
39 48 310 
60 
39 60 
201 
438 
39 438 
48 438 
78 
41 
48 41 
39 48 41 
32 41 
39 32 41 
48 32 41 
39 48 32 41 
39 41 
38 41 
48 38 41 
39 48 38 41 
39 38 41 
301 
677 
45 
37 
38 37 
264 
185 
14098 
589 
36 
39 36 
48 36 
39 48 36 
38 36 
48 38 36 
39 48 38 36 
39 38 36 
147 
39 147 
48 147 
19 
9 
123 
824 
271 
39 271 
48 271 
15832 
32 
38 32 
48 38 32 
39 48 38 32 
39 38 32 
39 32 
48 32 
39 48 32 
592 
39 
65 
39 65 
41 65 
48 65 
39 48 65 
12925 
39 12925 
522 
48 
39 48 
270 
48 270 
39 270 
3270 
110 
39 110 
48 110 
39 48 110 
38 110 
48 38 110 
39 48 38 110 
39 38 110 
31 
258 
179 
405 
89 
39 89 
48 89 
39 48 89 
79 
39 79 
48 79 
237 
39 237 
48 237 
39 48 237 
16217 
338 
101 
48 101 
39 48 101 
39 101 
175 
170 
48 170 
39 48 170 
39 170 
38 170 
48 38 170 
39 48 38 170 
39 38 170 
249 
49 
286 
38 286 
38 
48 38 
39 48 38 
39 38 
117 
161 
479 
242 
413 
48 413 
39 413 
255 
39 255 
48 255 
225 
39 225 
48 225 
39 48 225 
