-1
9.31562
9.31562
9.31562
8.60105
7.86815
7.75907
7.75907
7.86815
8.11104
9.27955
8.53159
8.53159
7.25345
9.26451
9.26451
9.26451
9.40516
9.19384
9.19384
9.56724
9.70444
-1
7.29153
7.29153
7.29153
8.07675
8.07675
7.49036
6.83439
6.83439
7.49036
7.49036
7.88578
8.07675
8.12435
8.2183
8.2183
8.30549
8.3418
8.36416
6.45466
5.94811
5.94811
6.09959
6.45466
6.45466
6.28495
6.28495
7.37185
7.82524
8.71394
8.77842
8.81728
8.8906
8.8925
8.8925
8.8925
8.90831
8.90999
9.18308
9.22185
9.29753
9.59622
9.60182
9.65957
9.77174
9.80317
-1
-1
-1
9.61499
8.16472
8.16472
8.16472
9.61499
-1
-1
-1
-1
-1
-1
-1
-1
-1
-1
-1
-1
-1
-1
-1
-1
-1
-1
-1
-1
-1
9.1317
9.1317
-1
