2958 
405 
242 
45 
264 
956 
31 
479 
783 
522 
175 
3270 
258 
19 
179 
117 
161 
13041 
78 
37 
37 38 
589 
1004 
201 
677 
548 
49 
15832 
740 
1393 
301 
16217 
286 
286 38 
249 
824 
604 
592 
16010 
338 
14098 
123 
185 
9 
1146 
1146 39 
12925 
12925 39 
255 
48 255 
39 255 
60 
60 39 
533 
533 39 
79 
48 79 
39 79 
270 
48 270 
270 39 
2238 
48 2238 
2238 39 
147 
48 147 
147 39 
1327 
48 1327 
39 1327 
413 
48 413 
413 39 
438 
48 438 
438 39 
271 
48 271 
39 271 
475 
48 475 
48 475 39 
475 39 
101 
48 101 
48 101 39 
101 39 
310 
48 310 
48 310 39 
310 39 
110 
110 38 
48 110 38 
48 110 38 39 
39 110 38 
48 110 
48 110 39 
110 39 
36 
36 38 
48 36 38 
48 36 38 39 
36 38 39 
48 36 
48 36 39 
36 39 
237 
48 237 
48 237 39 
237 39 
170 
170 38 
48 170 38 
48 170 38 39 
170 38 39 
48 170 
48 170 39 
170 39 
225 
48 225 
48 225 39 
225 39 
89 
48 89 
48 89 39 
89 39 
65 
65 41 
48 65 
48 65 39 
65 39 
41 
32 41 
32 41 48 
32 41 48 39 
32 41 39 
41 38 
48 41 38 
48 41 38 39 
41 38 39 
48 41 
48 41 39 
41 39 
32 
32 38 
32 48 38 
32 48 38 39 
32 38 39 
32 48 
32 48 39 
32 39 
38 
48 38 
48 38 39 
38 39 
48 
48 39 
39 
