2958 
405 
242 
45 
264 
956 
31 
479 
783 
522 
175 
3270 
19 
258 
179 
117 
161 
13041 
78 
37 
38 37 
589 
1004 
201 
677 
548 
49 
15832 
740 
301 
1393 
249 
286 
38 286 
16217 
824 
604 
592 
16010 
338 
123 
14098 
185 
9 
1146 
39 1146 
12925 
39 12925 
255 
48 255 
39 255 
60 
39 60 
533 
39 533 
79 
48 79 
39 79 
270 
48 270 
39 270 
2238 
48 2238 
39 2238 
147 
48 147 
39 147 
1327 
48 1327 
39 1327 
413 
48 413 
39 413 
438 
48 438 
39 438 
271 
48 271 
39 271 
475 
48 475 
39 48 475 
39 475 
101 
48 101 
39 48 101 
39 101 
310 
48 310 
39 48 310 
39 310 
110 
38 110 
48 38 110 
39 48 38 110 
39 38 110 
48 110 
39 48 110 
39 110 
36 
38 36 
48 38 36 
39 48 38 36 
39 38 36 
48 36 
39 48 36 
39 36 
237 
48 237 
39 48 237 
39 237 
170 
38 170 
48 38 170 
39 48 38 170 
39 38 170 
48 170 
39 48 170 
39 170 
225 
48 225 
39 48 225 
39 225 
89 
48 89 
39 48 89 
39 89 
65 
41 65 
48 65 
39 48 65 
39 65 
41 
32 41 
48 32 41 
39 48 32 41 
39 32 41 
38 41 
48 38 41 
39 48 38 41 
39 38 41 
48 41 
39 48 41 
39 41 
32 
38 32 
48 38 32 
39 48 38 32 
39 38 32 
48 32 
39 48 32 
39 32 
38 
48 38 
39 48 38 
39 38 
48 
39 48 
39 
