16217 
16010 
15832 
1393 
1327 
1146 
475 
1004 
170 
60 
405 
338 
301 
286 
271 
270 
264 
225 
258 
255 
249 
242 
237 
89 
79 
78 
479 
65 
49 
48 
19 
824 
413 
9 
438 
31 
32 
36 
37 
38 
39 
41 
45 
101 
110 
117 
123 
956 
147 
161 
175 
179 
185 
310 
522 
533 
201 
589 
592 
604 
548 
677 
740 
783 
2238 
3270 
2958 
12925 
13041 
14098 
48 1327 
39 1327 
39 1146 
48 475 
39 475 
48 170 
38 170 
39 170 
39 60 
38 286 
48 271 
39 271 
48 270 
39 270 
48 225 
39 225 
48 255 
39 255 
48 237 
39 237 
48 89 
39 89 
48 79 
39 79 
48 65 
39 65 
41 65 
48 413 
48 438 
32 48 
36 48 
38 48 
39 48 
41 48 
48 101 
48 110 
48 147 
48 310 
48 2238 
39 413 
39 438 
32 38 
32 39 
32 41 
36 38 
36 39 
37 38 
38 39 
38 41 
38 110 
39 41 
39 101 
39 110 
39 147 
39 310 
39 533 
39 2238 
39 12925 
39 48 475 
38 48 170 
39 48 170 
38 39 170 
39 48 225 
39 48 237 
39 48 89 
39 48 65 
32 38 48 
32 39 48 
32 41 48 
36 38 48 
36 39 48 
38 39 48 
38 41 48 
38 48 110 
39 41 48 
39 48 101 
39 48 110 
39 48 310 
32 38 39 
32 39 41 
36 38 39 
38 39 41 
38 39 110 
38 39 48 170 
32 38 39 48 
32 39 41 48 
36 38 39 48 
38 39 41 48 
38 39 48 110 
