9 
19 
31 
32 
36 
37 
38 
39 
41 
45 
48 
49 
65 
78 
79 
89 
101 
110 
117 
123 
147 
161 
175 
179 
185 
237 
242 
249 
255 
258 
225 
264 
270 
271 
286 
301 
338 
405 
413 
438 
479 
60 
170 
310 
522 
533 
201 
589 
592 
604 
548 
677 
740 
783 
824 
956 
1004 
475 
1146 
1327 
1393 
2238 
3270 
2958 
12925 
13041 
14098 
15832 
16010 
16217 
48 36 
2238 39 
2238 48 
39 38 
39 41 
39 533 
39 147 
475 48 
39 101 
39 89 
39 255 
38 37 
39 36 
39 270 
48 170 
48 413 
39 48 
39 32 
39 237 
39 225 
39 12925 
48 225 
147 48 
475 39 
39 271 
39 79 
39 65 
39 170 
38 110 
39 1327 
438 39 
438 48 
39 110 
38 170 
48 89 
48 101 
310 48 
65 41 
48 1327 
310 39 
48 79 
48 65 
32 41 
48 41 
48 38 
32 38 
41 38 
32 48 
48 237 
48 110 
39 413 
286 38 
39 1146 
38 36 
48 271 
255 48 
270 48 
39 60 
39 48 38 
475 48 39 
39 48 225 
48 38 41 
39 32 38 
32 41 48 
48 38 32 
39 48 36 
48 38 110 
39 48 110 
39 48 65 
39 48 101 
48 38 36 
39 38 36 
39 48 237 
39 48 32 
39 38 41 
39 48 41 
39 48 89 
48 38 170 
39 38 170 
39 48 310 
39 48 170 
39 38 110 
39 32 41 
39 48 38 36 
39 48 38 170 
32 39 48 38 
110 39 48 38 
41 39 48 38 
48 39 32 41 
