10515 
264 
2958 
956 
242 
45 
31 
479 
3270 
783 
175 
522 
258 
179 
19 
161 
117 
13041 
78 
37 
37 38 
1004 
677 
589 
49 
201 
548 
15832 
249 
1393 
16217 
740 
286 
286 38 
301 
604 
824 
592 
338 
14098 
123 
16010 
9 
185 
1146 
1146 39 
12925 
12925 39 
255 
255 48 
255 39 
533 
533 39 
60 
60 39 
79 
79 48 
79 39 
2238 
2238 48 
2238 39 
270 
270 48 
270 39 
147 
147 48 
147 39 
1327 
1327 48 
1327 39 
438 
438 48 
438 39 
413 
413 48 
413 39 
271 
271 48 
271 39 
475 
475 48 
475 48 39 
475 39 
101 
101 48 
101 48 39 
101 39 
310 
310 48 
310 48 39 
310 39 
110 
110 38 
110 38 48 
110 38 48 39 
110 38 39 
110 48 
110 48 39 
110 39 
36 
36 38 
36 38 48 
36 38 48 39 
36 38 39 
36 48 
36 48 39 
36 39 
237 
237 48 
237 48 39 
237 39 
170 
170 38 
170 38 48 
170 38 48 39 
170 38 39 
170 48 
170 48 39 
170 39 
225 
225 48 
225 48 39 
225 39 
89 
89 48 
89 48 39 
89 39 
65 
65 41 
65 48 
65 48 39 
65 39 
41 
41 32 
41 32 48 
41 32 48 39 
41 32 39 
41 38 
41 38 48 
41 38 48 39 
41 38 39 
41 48 
41 48 39 
41 39 
32 
32 38 
32 38 48 
32 38 48 39 
32 38 39 
32 48 
32 48 39 
32 39 
38 
38 48 
38 48 39 
38 39 
48 
48 39 
39 
